FX-patternMAX 3 0;
FX ortho1 mode 0 16 0 0 0 0 0 0 0 0 0 0 0 0 0 0 0 0;
FX ortho1 mode 0 16 0 0 0 0 0 0 0 0 0 0 0 0 0 0 0 0;
FX ortho1 db -21.2121 16 -21.2121 -21.2121 27.3737 27.3737 0 0 0 0
0 0 0 0 0 0 0 0;
FX ortho1 db -21.2121 16 -21.2121 -21.2121 27.3737 27.3737 0 0 0 0
0 0 0 0 0 0 0 0;
FX ortho1 q 9.18094 16 9.18094 9.18094 9.18094 9.18094 0 0 0 0 0 0
0 0 0 0 0 0;
FX ortho1 q 9.18094 16 9.18094 9.18094 9.18094 9.18094 0 0 0 0 0 0
0 0 0 0 0 0;
FX ortho1 f 23.0101 16 23.0101 75.798 75.798 115.051 0 0 0 0 0 0 0
0 0 0 0 0;
FX ortho1 f 23.0101 16 23.0101 75.798 75.798 115.051 0 0 0 0 0 0 0
0 0 0 0 0;
FX ortho1 mode 0 16 0 0 0 0 0 0 0 0 0 0 0 0 0 0 0 0;
FX ortho1 mode 0 16 0 0 0 0 0 0 0 0 0 0 0 0 0 0 0 0;
FX ortho1 db -21.2121 16 -21.2121 -21.2121 27.3737 27.3737 0 0 0 0
0 0 0 0 0 0 0 0;
FX ortho1 db -21.2121 16 -21.2121 -21.2121 27.3737 27.3737 0 0 0 0
0 0 0 0 0 0 0 0;
FX ortho1 q 9.18094 16 9.18094 9.18094 9.18094 9.18094 0 0 0 0 0 0
0 0 0 0 0 0;
FX ortho1 q 9.18094 16 9.18094 9.18094 9.18094 9.18094 0 0 0 0 0 0
0 0 0 0 0 0;
FX ortho1 f 23.0101 16 23.0101 75.798 75.798 115.051 0 0 0 0 0 0 0
0 0 0 0 0;
FX ortho1 f 23.0101 16 23.0101 75.798 75.798 115.051 0 0 0 0 0 0 0
0 0 0 0 0;
FX VolAdj 0.79798 16 0.79798 0.79798 0.79798 0.79798 0 0 0 0 0 0 0
0 0 0 0 0;
FX Mul1 0.30303 16 0.30303 0.30303 0.30303 0.30303 0 0 0 0 0 0 0 0
0 0 0 0;
FX ortho1 mode 0 16 0 0 0 0 0 0 0 0 0 0 0 0 0 0 0 0;
FX ortho1 mode 0 16 0 0 0 0 0 0 0 0 0 0 0 0 0 0 0 0;
FX ortho1 db -21.2121 16 -21.2121 -21.2121 27.3737 27.3737 0 0 0 0
0 0 0 0 0 0 0 0;
FX ortho1 db -21.2121 16 -21.2121 -21.2121 27.3737 27.3737 0 0 0 0
0 0 0 0 0 0 0 0;
FX ortho1 q 9.18094 16 9.18094 9.18094 9.18094 9.18094 0 0 0 0 0 0
0 0 0 0 0 0;
FX ortho1 q 9.18094 16 9.18094 9.18094 9.18094 9.18094 0 0 0 0 0 0
0 0 0 0 0 0;
FX ortho1 f 23.0101 16 23.0101 75.798 75.798 115.051 0 0 0 0 0 0 0
0 0 0 0 0;
FX ortho1 f 23.0101 16 23.0101 75.798 75.798 115.051 0 0 0 0 0 0 0
0 0 0 0 0;
FX ortho1 mode 0 16 0 0 0 0 0 0 0 0 0 0 0 0 0 0 0 0;
FX ortho1 mode 0 16 0 0 0 0 0 0 0 0 0 0 0 0 0 0 0 0;
FX ortho1 db -21.2121 16 -21.2121 -21.2121 27.3737 27.3737 0 0 0 0
0 0 0 0 0 0 0 0;
FX ortho1 db -21.2121 16 -21.2121 -21.2121 27.3737 27.3737 0 0 0 0
0 0 0 0 0 0 0 0;
FX ortho1 q 9.18094 16 9.18094 9.18094 9.18094 9.18094 0 0 0 0 0 0
0 0 0 0 0 0;
FX ortho1 q 9.18094 16 9.18094 9.18094 9.18094 9.18094 0 0 0 0 0 0
0 0 0 0 0 0;
FX ortho1 f 23.0101 16 23.0101 75.798 75.798 115.051 0 0 0 0 0 0 0
0 0 0 0 0;
FX ortho1 f 23.0101 16 23.0101 75.798 75.798 115.051 0 0 0 0 0 0 0
0 0 0 0 0;
THi 0.181818 0;
TLow 0.151515 0;
Thresh 0.222222 0;
SnapTirage 2 11 17 16 0 0 0 0 0 0 0 0 0 0 0 0 0 0 0 0 0 0 0 0 0 0 0
0 0 0 0 0 0 0 0 0;
Hmin 0.131313 0;
Lmin 0.121212 0;
Seuil 0.131313 0;
sample-4-file /home/al1/Dropbox/KEP/Demo/12G_Rytm02.wav 16 _ _ _ _
_ _ _ _ _ _ _ _ _ _ _ _;
sample-3-file /home/al1/Dropbox/KEP/Demo/11Bbert_BoisTchong1.wav 16
_ _ _ _ _ _ _ _ _ _ _ _ _ _ _ _;
sample-2-file /home/al1/Dropbox/KEP/Demo/10francois004.wav 16 _ _ _
_ _ _ _ _ _ _ _ _ _ _ _ _;
sample-1-file /home/al1/Dropbox/KEP/Demo/09T_B001.wav 16 _ _ _ _ _
_ _ _ _ _ _ _ _ _ _ _;
SnR 1 0;
P0 0 0;
Constance 0 0;
Volume 1 0;
Rever 0 0;
Sa2 0 0;
Norm 0 0;
Sa1 0 0;
Alea 0 0;
Sa3 0 0;
Palin 1 0;
Sa4 0 0;
Time 0.69697 0;
PalinMesure 0.616162 0;
Amorti 0 0;
Pitch 0.25 0;
FragDenum 0.232323 0;
Denum 0.909091 0;
-lv- 0 0;
lv 0 0;
-lr- 0 0;
lr 0 0;
-lR- 0 0;
lR 0 0;
-l4- 1 0;
l4 0 0;
-l3- 0 0;
l3 0 0;
-l2- 0 0;
l2 0 0;
Dir-in 0 0;
Effet 0 0;
-l1- 0 0;
l1 0 0;
