FX-patternMAX 3 0;
FX ortho1 mode 0 16 0 0 0 0 0 0 0 0 0 0 0 0 0 0 0 0;
FX ortho1 mode 0 16 0 0 0 0 0 0 0 0 0 0 0 0 0 0 0 0;
FX ortho1 db 27.3737 16 -21.2121 -21.2121 27.3737 27.3737 0 0 0 0 0
0 0 0 0 0 0 0;
FX ortho1 db 27.3737 16 -21.2121 -21.2121 27.3737 27.3737 0 0 0 0 0
0 0 0 0 0 0 0;
FX ortho1 q 9.18094 16 9.18094 9.18094 9.18094 9.18094 0 0 0 0 0 0
0 0 0 0 0 0;
FX ortho1 q 9.18094 16 9.18094 9.18094 9.18094 9.18094 0 0 0 0 0 0
0 0 0 0 0 0;
FX ortho1 f 82.3626 16 23.0101 75.798 75.798 115.051 0 0 0 0 0 0 0
0 0 0 0 0;
FX ortho1 f 82.3626 16 23.0101 75.798 75.798 115.051 0 0 0 0 0 0 0
0 0 0 0 0;
FX ortho1 mode 0 16 0 0 0 0 0 0 0 0 0 0 0 0 0 0 0 0;
FX ortho1 mode 0 16 0 0 0 0 0 0 0 0 0 0 0 0 0 0 0 0;
FX ortho1 db 27.3737 16 -21.2121 -21.2121 27.3737 27.3737 0 0 0 0 0
0 0 0 0 0 0 0;
FX ortho1 db 27.3737 16 -21.2121 -21.2121 27.3737 27.3737 0 0 0 0 0
0 0 0 0 0 0 0;
FX ortho1 q 9.18094 16 9.18094 9.18094 9.18094 9.18094 0 0 0 0 0 0
0 0 0 0 0 0;
FX ortho1 q 9.18094 16 9.18094 9.18094 9.18094 9.18094 0 0 0 0 0 0
0 0 0 0 0 0;
FX ortho1 f 82.3626 16 23.0101 75.798 75.798 115.051 0 0 0 0 0 0 0
0 0 0 0 0;
FX ortho1 f 82.3626 16 23.0101 75.798 75.798 115.051 0 0 0 0 0 0 0
0 0 0 0 0;
FX VolAdj 0.79798 16 0.79798 0.79798 0.79798 0.79798 0 0 0 0 0 0 0
0 0 0 0 0;
FX Mul1 0.30303 16 0.30303 0.30303 0.30303 0.30303 0 0 0 0 0 0 0 0
0 0 0 0;
FX ortho1 mode 0 16 0 0 0 0 0 0 0 0 0 0 0 0 0 0 0 0;
FX ortho1 mode 0 16 0 0 0 0 0 0 0 0 0 0 0 0 0 0 0 0;
FX ortho1 db 27.3737 16 -21.2121 -21.2121 27.3737 27.3737 0 0 0 0 0
0 0 0 0 0 0 0;
FX ortho1 db 27.3737 16 -21.2121 -21.2121 27.3737 27.3737 0 0 0 0 0
0 0 0 0 0 0 0;
FX ortho1 q 9.18094 16 9.18094 9.18094 9.18094 9.18094 0 0 0 0 0 0
0 0 0 0 0 0;
FX ortho1 q 9.18094 16 9.18094 9.18094 9.18094 9.18094 0 0 0 0 0 0
0 0 0 0 0 0;
FX ortho1 f 82.3626 16 23.0101 75.798 75.798 115.051 0 0 0 0 0 0 0
0 0 0 0 0;
FX ortho1 f 82.3626 16 23.0101 75.798 75.798 115.051 0 0 0 0 0 0 0
0 0 0 0 0;
FX ortho1 mode 0 16 0 0 0 0 0 0 0 0 0 0 0 0 0 0 0 0;
FX ortho1 mode 0 16 0 0 0 0 0 0 0 0 0 0 0 0 0 0 0 0;
FX ortho1 db 27.3737 16 -21.2121 -21.2121 27.3737 27.3737 0 0 0 0 0
0 0 0 0 0 0 0;
FX ortho1 db 27.3737 16 -21.2121 -21.2121 27.3737 27.3737 0 0 0 0 0
0 0 0 0 0 0 0;
FX ortho1 q 9.18094 16 9.18094 9.18094 9.18094 9.18094 0 0 0 0 0 0
0 0 0 0 0 0;
FX ortho1 q 9.18094 16 9.18094 9.18094 9.18094 9.18094 0 0 0 0 0 0
0 0 0 0 0 0;
FX ortho1 f 82.3626 16 23.0101 75.798 75.798 115.051 0 0 0 0 0 0 0
0 0 0 0 0;
FX ortho1 f 82.3626 16 23.0101 75.798 75.798 115.051 0 0 0 0 0 0 0
0 0 0 0 0;
THi 0.10101 0;
TLow 0.151515 0;
Thresh 0.808081 0;
SnapTirage 2 0 2 16 0 0 0 0 0 0 0 0 0 0 0 0 0 0 0 0 0 0 0 0 0 0 0 0
0 0 0 0 0 0 0 0;
Hmin 0.272727 0;
Lmin 0.212121 0;
Seuil 0.121212 0;
sample-4-file /home/al1/Dropbox/KEP/Demo/04PDM_Kerk001.wav 16 _ _ _
_ _ _ _ _ _ _ _ _ _ _ _ _;
sample-3-file /home/al1/Dropbox/KEP/Demo/03PDM_Djumb003.wav 16 _ _
_ _ _ _ _ _ _ _ _ _ _ _ _ _;
sample-2-file /home/al1/Dropbox/KEP/Demo/02Lio001.wav 16 _ _ _ _ _
_ _ _ _ _ _ _ _ _ _ _;
sample-1-file /home/al1/Dropbox/KEP/Demo/01Abeat003.wav 16 _ _ _ _
_ _ _ _ _ _ _ _ _ _ _ _;
SnR 0 0;
P0 0 0;
Constance 0 0;
Volume 0.626263 0;
Rever 0 0;
Sa2 0 0;
Norm 0 0;
Sa1 0 0;
Alea 0 0;
Sa3 0 0;
Palin 1 0;
Sa4 0 0;
Time 1 0;
PalinMesure 1 0;
Amorti 0.25 0;
Pitch 0 0;
FragDenum 0.464646 0;
Denum 0.31404 0;
-lv- 0 0;
lv 0 0;
-lr- 0 0;
lr 0 0;
-lR- 0 0;
lR 0 0;
-l4- 0 0;
l4 0 0;
-l3- 0 0;
l3 0 0;
-l2- 0 0;
l2 0 0;
Dir-in 0 0;
Effet 0.722424 0;
-l1- 0 0;
l1 0 0;
