DecayM 0.646465 0;
DecayM 0.646465 0;
DecayR 0.474747 0;
DecayR 0.474747 0;
Filtre 0.616162 0;
Filtre 0.616162 0;
Volume 1 0;
Volume 1 0;
-lv- 0 0;
lv 0 0;
-lr- 0 0;
lr 0 0;
-lR- 0 0;
lR 0 0;
-l4- 0 0;
l4 0 0;
-l3- 0 0;
l3 0 0;
-l2- 0 0;
l2 0 0;
-l1- 0 0;
l1 0 0;
-tL- 0 0;
Lock 0 0;
-t4- 0 0;
1/4 0 0;
-t3- 0 0;
1/3 0 0;
-t2- 0 0;
1/2 0 0;
-t1- 0 0;
1/1 0 0;
Decay 0.535354 0;
Effet 0.343434 0;
FX-patternMAX 2 0;
FX filtre 0.69697 16 0.69697 0.69697 0.69697 0 0 0 0 0 0 0 0 0 0 0
0 0;
FX distoc1 disto 0 16 0 0 0 0 0 0 0 0 0 0 0 0 0 0 0 0;
FX distoc1 vol 0 16 0 0 0 0 0 0 0 0 0 0 0 0 0 0 0 0;
FX disto1 disto 0.440606 16 0.343434 0.484848 1 0 0 0 0 0 0 0 0 0 0
0 0 0;
FX disto1 vol 0.221616 16 0.242424 0.212121 0.14798 0 0 0 0 0 0 0 0
0 0 0 0 0;
FX del1_time 1 16 1 1 1 0 0 0 0 0 0 0 0 0 0 0 0 0;
