mute-reverse 0 16 0 0 0 0 0 0 0 0 0 0 0 0 0 0 0 0;
FX-patternMAX 4 0;
FX tone 0.711111 16 0.969697 0 1.71717 0.585859 1.0303 0 0 0 0 0 0
0 0 0 0 0;
FX time 0.510375 16 1.53735 0.658879 0.3 3.58709 1.28211 0 0 0 0 0
0 0 0 0 0 0;
FX vol 0.886471 16 0.515152 1 0.726162 0.565657 0.565657 0 0 0 0 0
0 0 0 0 0 0;
FX mode 0 16 0 0 0 0 0 0 0 0 0 0 0 0 0 0 0 0;
FX db 21.8717 16 18.1818 30 10.3818 -5.45455 30 0 0 0 0 0 0 0 0 0 0
0;
FX q 5.39142 16 1.23167 6.94772 3.18799 5.21827 11.8015 0 0 0 0 0 0
0 0 0 0 0;
FX f 0.297778 16 0.323232 0.222222 0.412727 0.313131 0.171717 0 0 0
0 0 0 0 0 0 0 0;
FX disto 0.182727 16 0.212121 0.171717 0.198182 0.282828 0.272727 0
0 0 0 0 0 0 0 0 0 0;
FX vol 0.886566 16 0.515152 1 0.726162 0.565657 0.565657 0 0 0 0 0
0 0 0 0 0 0;
FX env2f 0.630505 16 1 0.545455 0.750808 0.161616 0.575758 0 0 0 0
0 0 0 0 0 0 0;
FX f 0.301111 16 0.323232 0.222222 0.412727 0.313131 0.171717 0 0 0
0 0 0 0 0 0 0 0;
FX r 0.15899 16 1 0 0.383838 0 0.292929 0 0 0 0 0 0 0 0 0 0 0;
FX a 0.0286869 16 0 0 0.0691919 0.010101 0.010101 0 0 0 0 0 0 0 0 0
0 0;
FX volnoise 0.0380808 16 0.0909091 0.040404 0.0348485 0.0606061 0 0
0 0 0 0 0 0 0 0 0 0;
FX coef4 0 16 0 0 0 1 1 0 0 0 0 0 0 0 0 0 0 0;
FX coef3 0.811919 16 0 0.757576 0.888889 1 0.737374 0 0 0 0 0 0 0 0
0 0 0;
FX coef2 0.533636 16 0.909091 0.525253 0.545455 1 0 0 0 0 0 0 0 0 0
0 0 0;
FX coef1 0 16 1 0 0 1 1 0 0 0 0 0 0 0 0 0 0 0;
FX vol 0.886566 16 0.515152 1 0.726162 0.565657 0.565657 0 0 0 0 0
0 0 0 0 0 0;
LyreYmou 0 0;
LyreY 0.929293 0;
LyreXmou 0 0;
LyreX 0 0;
-lv- 0 0;
lv 0 0;
-lr- 0 0;
lr 0 0;
-lR- 0 0;
lR 0 0;
-l4- 1 0;
l4 0 0;
-l3- 0 0;
l3 0 0;
-l2- 0 0;
l2 0 0;
-l1- 0 0;
l1 0 0;
-tL- 0 0;
Lock 0 0;
-t4- 0 0;
1/4 1 0;
-t3- 0 0;
1/3 0 0;
-t2- 0 0;
1/2 0 0;
-t1- 0 0;
1/1 0 0;
Volume_max 0.607071 0;
Volume 0.752525 0;
Decay 0.474747 0;
Effet 0.353535 0;
Phrases_max 1 0;
Phrases 0.530101 0;
