seq8 Step 681 0;
seq7 Step 661 0;
seq6 Step 585 0;
seq5 Step 292 0;
seq4 Step 981 0;
seq3 Step 307 0;
seq2 Step 201 0;
seq1 Step 321 0;
mute-reverse 1 16 0 0 0 0 0 0 0 0 0 0 0 0 0 0 0 0;
FX-patternMAX 2 0;
FX tone 0.0129293 16 0.0385859 0 1.71717 0 1.0303 0 0 0 0 0 0 0 0 0
0 0;
FX time 0.719311 16 0.839851 0.658879 0.3 0.699986 1.28211 0 0 0 0
0 0 0 0 0 0 0;
FX vol 0.985294 16 0.95596 1 0.584747 0.565657 0.565657 0 0 0 0 0 0
0 0 0 0 0;
FX mode 0 16 0 0 0 0 0 0 0 0 0 0 0 0 0 0 0 0;
FX db 10.1848 16 7.32222 11.6162 15.5556 -100 30 0 0 0 0 0 0 0 0 0
0 0;
FX q 9.9179 16 6.79248 11.48 9.86822 0.1 11.8015 0 0 0 0 0 0 0 0 0
0 0;
FX f 0.866263 16 0.89899 0.858586 0.887475 0.171717 0.171717 0 0 0
0 0 0 0 0 0 0 0;
FX disto 0.172929 16 0.175354 0.171717 0.17798 0.20202 0.272727 0 0
0 0 0 0 0 0 0 0 0;
FX vol 0.985354 16 0.95596 1 0.584747 0.565657 0.565657 0 0 0 0 0 0
0 0 0 0 0;
FX env2f 0.19899 16 0.233232 0.181818 0.791212 0.575758 0.575758 0
0 0 0 0 0 0 0 0 0 0;
FX f 0.87202 16 0.89899 0.858586 0.887475 0.171717 0.171717 0 0 0 0
0 0 0 0 0 0 0;
FX r 0.397273 16 0.888889 0.151515 0.383838 0 0.292929 0 0 0 0 0 0
0 0 0 0 0;
FX a 0.0489899 16 0.14697 0 0.0691919 0.010101 0.010101 0 0 0 0 0 0
0 0 0 0 0;
FX volnoise 0.360303 16 0.212121 0.434343 0.206566 0.121212 0 0 0 0
0 0 0 0 0 0 0 0;
FX coef4 0 16 0 0 0.383838 1 1 0 0 0 0 0 0 0 0 0 0 0;
FX coef3 0 16 0 0 0.717172 0.30303 0.30303 0 0 0 0 0 0 0 0 0 0 0;
FX coef2 0.563232 16 0.639091 0.525253 0.615758 0 0 0 0 0 0 0 0 0 0
0 0 0;
FX coef1 0.030303 16 0.0909091 0 0 1 1 0 0 0 0 0 0 0 0 0 0 0;
FX vol 0.985354 16 0.95596 1 0.584747 0.565657 0.565657 0 0 0 0 0 0
0 0 0 0 0;
-tL- 0 0;
Lock 0 0;
-t4- 0 0;
1/4 1 0;
-t3- 0 0;
1/3 0 0;
-t2- 0 0;
1/2 1 0;
-t1- 0 0;
1/1 0 0;
Volume_max 0.50505 0;
Volume 1 0;
Reverb_max 1 0;
Reverb 0 0;
Decay 0.515152 0;
Effet 0.333333 0;
Phrases_max 1 0;
Phrases 1 0;
Vitesse_max 1 0;
Vitesse 0.494949 0;
