seq8 Step 681 0;
seq7 Step 661 0;
seq6 Step 585 0;
seq5 Step 292 0;
seq4 Step 981 0;
seq3 Step 307 0;
seq2 Step 201 0;
seq1 Step 321 0;
mute-reverse 1 16 0 0 0 0 0 0 0 0 0 0 0 0 0 0 0 0;
FX-patternMAX 4 0;
FX tone 1.12747 16 0.424242 0 1.71717 0 1.0303 0 0 0 0 0 0 0 0 0 0
0;
FX time 0.437388 16 2.65048 0.658879 0.3 0.699986 1.28211 0 0 0 0 0
0 0 0 0 0 0;
FX vol 0.671176 16 0.515152 1 0.726162 0.565657 0.393939 0 0 0 0 0
0 0 0 0 0 0;
FX mode 0 16 0 0 0 0 0 0 0 0 0 0 0 0 0 0 0 0;
FX db -49.9434 16 8.9899 7.67677 -23.7596 -100 30 0 0 0 0 0 0 0 0 0
0 0;
FX q 2.12788 16 5.21827 6.94772 3.18799 0.1 11.8015 0 0 0 0 0 0 0 0
0 0 0;
FX f 0.460202 16 0.474747 0.363636 0.483434 0.40404 0.464646 0 0 0
0 0 0 0 0 0 0 0;
FX disto 0.186263 16 0.212121 0.171717 0.17798 0.20202 0.272727 0 0
0 0 0 0 0 0 0 0 0;
FX vol 0.67101 16 0.515152 1 0.726162 0.565657 0.393939 0 0 0 0 0 0
0 0 0 0 0;
FX env2f 0.019899 16 0 0.636364 0.030303 0 0.0707071 0 0 0 0 0 0 0
0 0 0 0;
FX f 0.456162 16 0.474747 0.363636 0.483434 0.40404 0.464646 0 0 0
0 0 0 0 0 0 0 0;
FX r 0.338788 16 1 1 0.383838 0.252525 0.292929 0 0 0 0 0 0 0 0 0 0
0;
FX a 0.0356566 16 0 0.111111 0.0489899 0.010101 0.010101 0 0 0 0 0
0 0 0 0 0 0;
FX volnoise 0.148485 16 0.272727 0.212121 0.125758 0.191919 0.0707071
0 0 0 0 0 0 0 0 0 0 0;
FX coef4 0.253232 16 0 0 0 0.737374 0.878788 0 0 0 0 0 0 0 0 0 0 0
;
FX coef3 0.667778 16 0 0 0.858586 0.30303 0.30303 0 0 0 0 0 0 0 0 0
0 0;
FX coef2 0.330101 16 0.838384 0.525253 0.201616 0.575758 0 0 0 0 0
0 0 0 0 0 0 0;
FX coef1 0.343434 16 1 0 0 1 0.787879 0 0 0 0 0 0 0 0 0 0 0;
FX vol 0.67101 16 0.515152 1 0.726162 0.565657 0.393939 0 0 0 0 0 0
0 0 0 0 0;
-tL- 0 0;
Lock 0 0;
-t4- 0 0;
1/4 1 0;
-t3- 0 0;
1/3 1 0;
-t2- 0 0;
1/2 0 0;
-t1- 0 0;
1/1 1 0;
Volume_max 0.506061 0;
Volume 1 0;
Reverb_max 1 0;
Reverb 0 0;
Decay 0.50505 0;
Effet 0.585859 0;
Phrases_max 1 0;
Phrases 0.242424 0;
Vitesse_max 1 0;
Vitesse 0.464848 0;
