Vitesse 0.353535 0;
Vitesse 0.353535 0;
Phrases 0.636364 0;
Phrases 0.636364 0;
seq8 Step 681 0;
seq7 Step 661 0;
seq6 Step 585 0;
seq5 Step 293 0;
seq4 Step 981 0;
seq3 Step 401 0;
seq2 Step 201 0;
seq1 Step 337 0;
-t4- 0 0;
s4 0 0;
-t3- 0 0;
s3 0 0;
-t2- 0 0;
s2 0 0;
-t1- 0 0;
s1 0 0;
FX-patternMAX 1 0;
FX VolAdj 0.79798 16 0.79798 0.79798 0 0 0 0 0 0 0 0 0 0 0 0 0 0;
FX Mul1 0.30303 16 0.30303 0.30303 0 0 0 0 0 0 0 0 0 0 0 0 0 0;
FX rev1 tone 0.969697 16 0.969697 0 1.71717 0.585859 1.0303 1.0303
0 1.0303 0 0.969697 0.969697 1.71717 0.484848 0 1.0303 0;
FX rev1 time 1.53735 16 1.53735 0.658879 0.3 3.58709 1.28211 1.28211
0.3 1.28211 0.658879 1.53735 1.53735 0.3 3.17816 0.3 1.28211 0.658879
;
FX rev1 vol 0.515294 16 0.515294 1 0.726177 0.565588 0.565588 0.565588
0 0.565588 1 0.515294 0.515294 0.726177 0.823529 0 0.565588 1;
FX ortho1 mode 0 16 0 0 0 0 0 0 0 0 0 0 0 0 0 0 0 0;
FX ortho1 db 22.1212 16 22.1212 2.42424 6.36364 -5.45455 15.5556 15.5556
30 15.5556 24.7475 12.9293 20.8081 -0.20202 30 30 15.5556 2.42424;
FX ortho1 q 1.68579 16 1.68579 1.35838 16.3056 5.21827 11.8015 11.8015
9.18094 11.8015 1.35838 1.68579 1.68579 16.3056 9.18094 9.18094 11.8015
1.35838;
FX ortho1 f 36.8703 16 36.8703 124.742 94.7475 0.311313 39.4285 43.4891
86.6263 111.166 93.6105 99.1329 121.818 66.3232 86.6263 86.6263 111.166
124.742;
OVER-patternMAX 1 0;
OVER disto1 disto 0.10101 16 0.10101 0.232323 0 0 0 0 0 0 0 0 0 0 0
0 0 0;
OVER disto1 vol 1 16 0.525253 0.161616 0 0 0 0 0 0 0 0 0 0 0 0 0 0
;
-lv- 0 0;
lv 0 0;
-lr- 0 0;
lr 0 0;
-lR- 0 0;
lR 0 0;
-l4- 1 0;
l4 0 0;
-l3- 0 0;
l3 0 0;
-l2- 1 0;
l2 0 0;
-l1- 0 0;
l1 1 0;
-tR- 0 0;
REC 0 0;
Volume_max 0.607071 0;
Volume 1 0;
Reverb_max 0.262626 0;
Reverb 0 0;
Dir-in 1 0;
Effet 0 0;
