FILT-patternMAX 1 0;
FILT hp 0 16 0 0 0 0 0 0 0 0 0 0 0 0 0 0 0 0;
FILT lp 1 16 1 0 0 0 0 0 0 0 0 0 0 0 0 0 0 0;
ECHO-patternMAX 4 0;
ECHO echo1 vol 1 16 1 1 1 1 1 0 0 0 0 0 0 0 0 0 0 0;
ECHO echo1 filtre 0.717172 16 1 0.888889 0.979798 0.717172 0.717172
0 0 0 0 0 0 0 0 0 0 0;
ECHO echo1 feed 0.910404 16 0 0.636364 0.707071 0.919192 0.89899 0
0 0 0 0 0 0 0 0 0 0;
ECHO echo1 time 0.535051 16 0 0.565657 1 0.666667 0.363636 0 0 0 0
0 0 0 0 0 0 0;
REV-patternMAX 4 0;
REV rev1 tone 0.86505 16 0.76404 0.86505 0.86505 0.501414 0.905455
0 0 0 0 0 0 0 0 0 0 0;
REV rev1 time 1.30639 16 1.3506 0.997953 2.79209 6.51473 1.72053 0
0 0 0 0 0 0 0 0 0 0;
REV rev1 vol 1 16 0 1 1 1 1 0 0 0 0 0 0 0 0 0 0 0;
Echo 0.858586 0;
Echo 0.858586 0;
Filtre 0 0;
Filtre 0 0;
Reverb 0.292929 0;
Reverb 0.292929 0;
Volume 1 0;
Volume 1 0;
-lv- 0 0;
lv 0 0;
-lr- 0 0;
lr 0 0;
-lR- 0 0;
lR 0 0;
-l4- 1 0;
l4 0 0;
-l3- 0 0;
l3 0 0;
-l2- 1 0;
l2 0 0;
-l1- 0 0;
l1 0 0;
-tL- 0 0;
Lock 0 0;
-t4- 0 0;
1/4 0 0;
-t3- 0 0;
1/3 0 0;
-t2- 0 0;
1/2 0 0;
-t1- 0 0;
1/1 0 0;
Decay 0.252525 0;
Effet 0.565657 0;
FX-patternMAX 3 0;
FX ortho1 mode 0 16 0 0 0 0 0 0 0 0 0 0 0 0 0 0 0 0;
FX ortho1 db 27.2556 16 -0.20202 30 26.0606 26.0606 19.4949 17.0657
5.24747 5.24747 11.8131 30 -11.8232 -11.8232 -11.8232 -11.8232 -14.6465
-14.6465;
FX ortho1 q 5.52504 16 17.1993 17.1993 0.451124 0.451124 34.3081 11.8015
0.544606 0.544606 5.55634 5.91631 13.3802 13.3802 13.3802 13.3802 21.5062
21.5062;
FX ortho1 f 70.5327 16 43.7869 119.585 49.201 122.292 77.6117 86.6263
62.2626 62.2626 94.7475 46.0202 75.798 75.798 75.798 75.798 45.0321
45.0321;
FX disto1 disto 0.114141 16 0.121212 0.121212 0.111111 0.111111 0.272727
0.181818 0.171717 0.171717 0.171717 0.181818 0.20202 0.20202 0.20202
0.20202 0.171717 0.171717;
FX disto1 vol 1 16 1 1 1 1 0.393939 1 1 1 1 1 1 1 1 1 1 1;
FX del1_time 1 16 1 1 1 1 1 1 0 0 0 0 0 0 0 0 0 0;
