patternMAX 12 0;
lenrnd 0.139241 16 0.0506329 0 0 0.0759494 0.0759494 0.0759494 0.139241
0.139241 0.139241 0.139241 0.139241 0.139241 0.139241 0 0 0;
len 0.969102 16 1 1 1 1 1 1 0.443038 0.21519 0.21519 0.21519 0.21519
1 0.658228 0 0 0;
posrnd 0.718529 16 0.531646 0.582278 0.632911 0.696203 0.696203 0.696203
0.607595 0.64557 0.64557 0.64557 0.64557 0.721519 0.518987 0 0 0;
speedrnd 0.101266 16 0.0506329 0.126582 0.126582 0.126582 0.126582
0.126582 0.101266 0.101266 0.101266 0.101266 0.101266 0.101266 0.101266
0 0 0;
speed 0.797468 16 0.139241 0.139241 0.139241 0.139241 0.341772 0.506329
0.506329 0.658228 0.835443 0.316456 0.797468 0.797468 0.797468 0 0
0;
