SaTrig 2048 4 1 1 1 1 1 1 1 1 1 1 1 1 1 1 1 1 1 1 1 1 1 1 1 1 1 1 1
1 1 1 1 1 1 1 1 1 1 1 1 1 1 1 1 1 1 1 1 1 1 1 1 1 1 1 1 1 1 1 1 1 1
1 1 1 1 1 1 1 1 1 1 1 1 1 1 1 1 1 1 1 1 1 1 1 1 1 1 1 1 1 1 1 1 1 1
1 1 1 1 1 1 1 1 1 1 1 1 1 1 1 1 1 1 1 1 1 1 1 1 1 1 1 1 1 1 1 1 1 1
1 1 1 1 1 1 1 1 1 1 1 1 1 1 1 1 1 1 1 1 1 1 1 1 1 1 1 1 1 1 1 1 1 1
1 1 1 1 1 1 1 1 1 1 1 1 1 1 1 1 1 1 1 1 1 1 1 1 1 1 1 1 1 1 1 1 1 1
1 1 1 1 1 1 1 1 1 1 1 1 1 1 1 1 1 1 1 1 1 1 1 1 1 1 1 1 1 1 1 1 1 1
1 1 1 1 1 1 1 1 1 1 1 1 1 1 1 1 1 1 1 1 1 1 1 1 1 1 1 1 1 1 1 1 1 1
1 1 1 1 1 1 1 1 1 1 1 1 1 1 1 1 1 1 1 1 1 1 1 1 1 1 1 1 1 1 1 1 1 9
9 9 9 9 9 9 9 9 9 1 1 1 1 1 1 1 1 1 1 1 5 5 5 5 5 5 5 5 1 1 1 1 1 1
1 1 1 1 1 1 3 3 3 3 3 3 3 3 3 1 1 1 1 1 1 1 1 1 1 1 1 1 1 1 1 1 1 1
1 1 1 1 1 1 1 1 1 1 1 1 1 1 1 1 1 1 1 1 1 1 1 1 1 1 1 1 1 1 1 1 1 1
1 1 1 1 1 1 1 1 1 1 1 1 1 1 1 1 1 1 1 1 1 1 1 1 1 1 1 1 1 1 1 1 1 1
1 1 1 1 1 1 1 1 1 1 1 1 1 1 1 1 1 1 1 1 1 1 1 1 1 1 1 1 1 1 1 1 1 1
1 1 1 1 1 1 1 1 1 1 1 1 1 1 1 1 1 1 1 1 1 1 1 1 1 1 1 1 1 1 1 1 1 1
1 1 1 1 1 1 1 1 1 1 1 1 1 1 1 1 1 1 1 1 1 1 1 1 1 1 1 1 1 1 1 1 1 1
1 1 1 1 1 1 1 1 1 1 1 1 1 1 1 1 1 1 1 1 1 1 1 1 1 1 1 1 1 1 1 1 1 1
1 1 1 1 1 1 1 1 1 1 1 1 1 1 1 1 1 1 1 1 1 1 1 1 1 1 1 1 1 1 1 1 1 1
1 1 1 1 1 1 1 1 1 1 1 1 1 1 1 1 1 1 1 1 1 1 1 1 1 1 1 1 1 1 1 1 1 1
1 1 1 1 1 1 1 1 1 1 1 1 1 1 1 1 1 1 1 1 1 1 1 1 1 1 1 1 1 1 1 1 1 1
1 1 1 1 1 1 1 1 1 1 1 1 1 1 1 1 1 1 1 1 1 1 1 1 1 1 1 1 1 1 1 1 1 1
1 1 1 1 1 1 1 1 1 1 1 1 1 1 1 1 1 1 1 1 1 1 1 1 1 1 1 1 1 1 1 1 1 1
1 1 1 1 1 1 1 1 1 1 1 1 1 1 1 1 1 1 1 1 1 1 1 1 1 1 1 1 1 1 1 1 1 1
1 1 1 1 1 1 1 1 1 1 1 1 1 1 1 1 1 1 1 1 1 1 1 1 1 1 1 1 1 1 1 1 1 1
1 1 1 1 1 1 1 1 1 1 1 1 1 1 1 1 1 1 1 1 1 1 1 1 1 1 1 1 1 1 1 1 1 1
1 1 1 1 1 1 1 1 1 1 1 1 1 1 1 1 1 1 1 1 1 1 1 1 1 1 1 1 1 1 1 1 1 1
1 1 1 1 1 1 1 1 1 1 1 1 1 1 1 1 1 1 1 1 1 1 1 1 1 1 1 1 1 1 1 1 1 1
1 1 1 1 1 1 1 1 1 1 1 1 1 1 1 1 1 1 1 1 1 1 1 1 1 1 1 1 1 1 1 1 1 1
1 1 1 1 1 1 1 1 1 1 1 1 1 1 1 1 1 1 1 1 1 1 1 1 1 1 1 1 1 1 1 1 1 1
1 1 1 1 1 1 1 1 1 1 1 1 1 1 1 1 1 1 1 1 1 1 1 1 1 8 8 8 8 8 8 8 8 8
8 8 8 8 8 8 8 8 8 8 8 8 8 8 8 8 1 1 1 1 1 1 1 1 1 1 1 1 1 1 1 1 1 1
1 1 1 4 4 4 4 4 4 4 4 4 4 4 4 4 4 4 4 4 4 4 4 4 1 1 1 1 1 1 1 1 1 1
1 1 1 1 1 1 1 1 1 1 1 1 1 4 4 4 4 4 4 4 4 4 4 4 4 4 4 4 4 4 4 4 4 4
4 4 4 4 4 4 4 4 4 4 4 4 4 4 4 4 4 4 4 4 4 4 4 4 4 4 4 4 4 4 4 4 4 4
4 4 4 4 4 4 4 4 4 4 4 4 4 4 4 4 4 4 4 4 4 4 4 4 4 4 4 4 4 4 4 4 4 4
4 4 4 4 4 4 4 4 4 4 4 4 4 4 4 4 4 4 4 4 4 4 4 4 4 4 4 4 4 4 4 4 4 4
4 4 4 4 4 4 4 4 4 4 4 4 4 4 4 4 4 4 4 4 4 4 4 4 4 4 4 4 4 4 4 4 4 4
4 4 4 4 4 4 4 4 4 4 4 4 4 4 4 4 4 4 4 4 4 4 4 4 4 4 4 4 4 4 4 4 4 4
4 4 4 4 4 4 4 4 4 4 4 4 4 4 4 4 4 4 4 4 4 4 4 4 4 4 4 4 4 4 4 4 4 4
4 4 4 4 4 4 4 4 4 4 4 4 4 4 4 4 4 4 4 4 4 4 4 4 4 4 4 4 4 4 4 4 4 4
4 4 4 4 4 4 4 4 4 4 4 4 4 4 4 4 4 4 4 4 4 4 4 4 4 4 4 4 4 4 4 4 4 4
4 4 4 4 4 4 4 4 4 4 4 4 4 4 4 4 4 4 4 4 4 4 4 4 4 4 4 4 4 4 4 4 4 4
4 4 4 4 4 4 4 4 4 4 4 4 4 4 4 4 4 4 4 4 4 4 4 4 4 4 4 4 4 4 4 4 4 4
4 4 4 4 4 4 4 4 4 4 4 4 4 4 4 4 4 4 4 4 4 4 4 4 4 4 4 4 4 4 4 4 4 4
4 4 4 4 4 4 4 4 4 4 4 4 4 4 4 4 4 4 4 4 4 4 4 4 4 4 4 4 4 4 4 4 4 4
4 4 4 4 4 4 4 4 4 4 4 4 4 4 4 4 4 4 4 4 4 4 4 4 4 4 4 4 4 4 4 4 4 4
4 4 4 4 4 4 4 4 4 4 4 4 4 4 4 4 4 4 4 4 4 4 4 4 4 4 4 4 4 4 4 4 4 4
4 4 4 4 4 4 4 4 4 4 4 4 4 4 4 4 4 4 4 4 4 4 4 4 4 4 4 4 4 4 4 4 4 4
4 4 4 4 4 4 4 4 4 4 4 4 4 4 4 4 4 4 4 4 4 4 4 4 4 4 4 4 4 4 4 4 4 4
4 4 4 4 4 4 4 4 4 4 4 4 4 4 4 4 4 4 4 4 4 4 4 4 4 4 4 4 4 4 4 4 4 4
4 4 4 1 1 1 1 1 1 1 1 1 1 1 1 1 1 1 1 1 1 1 1 1 1 1 1 1 1 1 1 1 1 1
1 1 1 1 1 1 1 1 1 1 1 1 1 1 1 1 1 1 1 1 1 1 1 1 1 1 1 1 1 1 1 1 1 1
1 1 1 1 1 1 1 1 1 1 1 1 1 1 1 1 1 1 1 1 1 1 1 1 1 1 1 1 1 1 1 1 1 1
1 1 1 1 1 1 1 1 1 1 1 1 1 1 1 1 1 1 1 1 1 1 1 1 1 1 1 1 1 1 1 1 1 1
1 1 1 1 1 1 1 1 1 1 1 1 1 1 1 1 1 1 1 1 1 1 1 1 1 1 1 1 1 1 1 1 1 1
1 1 1 1 1 1 1 1 1 1 1 1 1 1 1 1 1 1 1 1 1 1 1 1 1 1 1 1 1 1 1 1 1 1
1 1 1 1 1 1 1 1 1 1 1 1 1 1 1 1 1 1 1 1 1 1 1 1 1 1 1 1 1 1 1 1 1 1
1 1 1 1 1 1 1 1 1 1 1 1 1 1 1 1 1 1 1 1 1 1 1 1 1 1 1 1 1 1 1 1 1 1
1 1 1 1 1 1 1 2 2 2 2 2 2 2 2 2 2 2 2 2 2 2 2 2 2 2 2 2 2 2 2 2 2 2
2 2 2 1 1 1 1 1 1 1 1 1 1 1 1 1 1 1 1 1 1 1 1 1 1 1 1 1 1 1 1 1 1 1
1 1 1 1 1 1 1 1 1 1 1 1 1 1 0;
PosMot 2048 0.646465 0 0 0 0 0 0 0 0 0 0 0 0 0 0 0 0 0 0 0 0 0 0 0
0 0 0 0 0 0 0 0 0 0 0 0 0 0 0 0 0 0 0 0 0 0 0 0 0 0 0 0 0 0 0 0 0 0
0 0 0 0 0 0 0 0 0 0 0 0 0 0 0 0 0 0 0 0 0 0 0 0 0 0 0 0 0 0 0 0 0 0
0 0 0 0.232323 0.242424 0.252525 0.272727 0.282828 0.30303 0.313131
0.343434 0.363636 0.373737 0.383838 0.414141 0.424242 0.434343 0.454545
0.474747 0.484848 0.484848 0.484848 0.484848 0.484848 0.515152 0.525253
0.535354 0.545455 0.555556 0.565657 0.575758 0.575758 0.575758 0.575758
0.575758 0.575758 0.575758 0.575758 0.575758 0.575758 0.616162 0.626263
0.636364 0.636364 0.636364 0.69697 0.69697 0.707071 0.707071 0.707071
0.707071 0.707071 0.707071 0.707071 0.707071 0.707071 0.707071 0.707071
0.707071 0.707071 0.707071 0.707071 0.707071 0.707071 0.707071 0.707071
0.707071 0 0 0 0 0 0 0 0 0 0 0 0 0 0 0 0 0.676768 0.666667 0.666667
0.636364 0.636364 0.59596 0.59596 0.59596 0.59596 0.545455 0.535354
0.535354 0.535354 0.525253 0.50505 0.494949 0.484848 0.484848 0.474747
0.474747 0.474747 0.464646 0.464646 0.464646 0.464646 0.444444 0.444444
0.434343 0.414141 0.414141 0.393939 0.383838 0.383838 0.363636 0.363636
0.343434 0.343434 0.323232 0.313131 0.30303 0.30303 0.30303 0.282828
0.282828 0.272727 0.262626 0.252525 0.252525 0.252525 0.242424 0.232323
0.212121 0.212121 0.212121 0.191919 0.171717 0.171717 0.151515 0.151515
0.151515 0.131313 0.131313 0.131313 0.10101 0.0909091 0.0909091 0.0707071
0.0606061 0.050505 0.040404 0.030303 0.010101 0 0 0 0 0 0 0 0 0 0 0
0 0 0 0 0 0 0 0 0 0 0 0 0 0 0 0 0 0 0 0 0 0 0 0 0 0 0 0 0 0 0 0 0 0
0 0 0 0 0 0 0 0 0 0 0 0 0 0 0 0 0 0 0 0 0 0 0 0 0 0 0 0 0 0 0 0 0 0
0 0 0 0 0 0 0 0 0 0 0 0 0 0 0 0 0 0 0 0 0 0 0 0 0 0 0 0 0 0 0 0 0 0
0 0 0 0 0 0 0 0 0 0 0 0 0 0 0 0 0 0 0 0 0 0 0 0 0 0 0 0 0 0 0 0 0 0
0 0 0 0 0 0 0 0 0 0 0 0 0 0 0 0 0 0.020202 0.0707071 0.0808081 0.0909091
0.0909091 0.10101 0.10101 0.10101 0.10101 0.10101 0.10101 0.10101 0.10101
0.10101 0.10101 0.10101 0.10101 0.10101 0.10101 0.10101 0.10101 0.10101
0.10101 0.10101 0.111111 0.161616 0.171717 0.181818 0.191919 0.20202
0.20202 0.20202 0.20202 0.20202 0.20202 0.20202 0.20202 0.20202 0.20202
0.20202 0.20202 0.20202 0.20202 0.20202 0.212121 0.232323 0.232323
0.242424 0.242424 0.252525 0.252525 0.252525 0.252525 0.252525 0.252525
0.252525 0.252525 0.252525 0.252525 0.252525 0.252525 0.252525 0.252525
0.252525 0.252525 0.252525 0.252525 0.252525 0.252525 0 0 0 0 0 0 0
0 0 0 0 0 0 0 0 0 0 0 0 0 0 0 0 0 0 0 0 0 0 0 0 0 0 0 0 0.262626 0.292929
0.30303 0.333333 0.343434 0.353535 0.363636 0.363636 0.363636 0.383838
0.393939 0.393939 0.393939 0.393939 0.393939 0.393939 0.393939 0.393939
0.393939 0.393939 0.393939 0.393939 0.393939 0.40404 0.414141 0.424242
0.424242 0.424242 0.434343 0.454545 0.454545 0.454545 0.454545 0.454545
0.454545 0.454545 0.454545 0.454545 0.454545 0.454545 0.454545 0.454545
0.454545 0.454545 0.454545 0.454545 0.454545 0.454545 0.454545 0.454545
0 0 0 0 0 0 0 0 0 0 0 0 0 0 0 0 0 0 0 0 0 0 0 0 0 0 0 0 0 0 0 0 0 0
0 0 0 0 0 0 0 0 0 0 0 0 0 0 0 0 0 0 0 0 0 0 0 0 0 0 0 0 0 0 0 0 0 0
0 0 0 0 0 0 0 0 0 0 0.464646 0.464646 0.464646 0.515152 0.525253 0.535354
0.555556 0.555556 0.565657 0.565657 0.565657 0.565657 0.565657 0.565657
0.565657 0.565657 0.565657 0.565657 0.565657 0.565657 0.565657 0.565657
0.565657 0.565657 0.565657 0.565657 0.565657 0.565657 0.565657 0 0
0 0 0 0 0 0 0 0 0 0 0 0 0 0 0 0 0 0 0 0 0 0 0 0 0 0 0 0 0 0 0 0 0 0
0 0 0 0 0 0 0 0 0 0 0 0 0 0 0 0 0 0 0 0 0 0 0 0 0 0 0 0 0 0 0 0 0 0
0 0 0 0 0 0 0 0 0 0 0 0 0 0 0 0 0 0 0 0 0 0 0 0 0 0 0 0 0 0 0 0 0 0.59596
0.59596 0.626263 0.636364 0.636364 0.646465 0.656566 0.656566 0.656566
0.656566 0.656566 0.656566 0.656566 0.656566 0.656566 0.656566 0.656566
0.656566 0.656566 0.656566 0.656566 0.656566 0.656566 0.656566 0.656566
0.656566 0 0 0 0 0 0 0 0 0 0 0 0 0 0 0 0 0 0 0 0 0 0 0 0 0 0 0 0 0
0 0 0 0 0 0 0 0 0 0 0 0 0 0 0 0 0 0 0 0 0 0 0 0 0 0 0 0 0 0 0 0 0 0
0 0 0 0 0 0 0 0 0 0 0 0 0 0 0 0 0 0 0 0 0 0 0 0 0 0 0 0 0 0 0 0 0 0
0 0 0 0 0 0 0 0 0 0 0 0 0 0 0 0 0 0 0 0 0 0 0 0 0 0 0 0 0 0 0 0 0 0
0 0 0 0 0 0 0 0 0 0.333333 0.333333 0.333333 0.333333 0.333333 0.333333
0.333333 0.333333 0.333333 0.333333 0.333333 0.333333 0.333333 0.333333
0.333333 0.424242 0.424242 0.434343 0.434343 0.434343 0.434343 0.434343
0.434343 0.434343 0.434343 0.434343 0.434343 0.434343 0.434343 0.434343
0.434343 0.434343 0.434343 0.434343 0.464646 0.484848 0.484848 0.484848
0.50505 0.515152 0.515152 0.515152 0.515152 0.515152 0.515152 0.515152
0.515152 0.515152 0.515152 0.515152 0.515152 0.515152 0.515152 0.515152
0.515152 0.515152 0.515152 0.515152 0.515152 0.515152 0 0 0 0 0 0 0
0 0 0 0 0 0 0 0 0 0 0 0 0 0 0 0 0 0 0 0 0 0 0 0 0 0 0 0 0 0 0 0 0 0
0 0.50505 0.50505 0.50505 0.484848 0.484848 0.484848 0.484848 0.484848
0.484848 0.484848 0.484848 0.484848 0.484848 0.484848 0.484848 0.484848
0.484848 0.484848 0.474747 0.464646 0.454545 0.454545 0.454545 0.454545
0.454545 0.454545 0.444444 0.434343 0.434343 0.434343 0.434343 0.414141
0.414141 0.414141 0.414141 0.414141 0.414141 0.414141 0.414141 0.40404
0.393939 0.393939 0.393939 0.393939 0.393939 0.393939 0.373737 0.363636
0.363636 0.353535 0.353535 0.353535 0.343434 0.343434 0.323232 0.323232
0.323232 0.323232 0.323232 0.30303 0.30303 0.282828 0.282828 0.282828
0.262626 0.252525 0.252525 0.252525 0.242424 0.232323 0.222222 0.212121
0.212121 0.20202 0.20202 0.191919 0.181818 0.171717 0.171717 0.171717
0.141414 0.141414 0.141414 0.141414 0.111111 0.10101 0.10101 0.10101
0.10101 0.0606061 0.050505 0.040404 0.040404 0.040404 0.040404 0 0
0 0 0 0 0 0 0 0 0 0 0 0 0 0 0 0 0 0 0 0 0 0 0 0 0 0 0 0 0 0 0 0 0 0
0 0 0 0 0 0 0 0 0 0 0 0 0 0 0 0 0 0 0 0 0 0 0 0 0 0 0 0 0 0.020202
0.050505 0.0808081 0.0909091 0.111111 0.141414 0.141414 0.181818 0.191919
0.191919 0.232323 0.252525 0.272727 0.282828 0.30303 0.30303 0.323232
0.333333 0.343434 0.343434 0.373737 0.383838 0.393939 0.40404 0.424242
0.424242 0.444444 0.454545 0.454545 0.454545 0.454545 0.515152 0.525253
0.545455 0.545455 0.545455 0.585859 0.585859 0.585859 0.585859 0.585859
0.656566 0.676768 0.686869 0.686869 0.686869 0.686869 0.737374 0.747475
0.757576 0.767677 0.787879 0.787879 0.79798 0.808081 0.808081 0.828283
0.848485 0.858586 0.868687 0.868687 0.868687 0.89899 0.89899 0.919192
0.939394 0.949495 0.959596 0.969697 0.979798 1 1 1 1 1 1 1 1 1 1 1
1 1 1 1 1 1 1 1 1 1 0 0 0 0 0 0 0 0 0 0 0 0 0 0 0 0 0 0 0 0 0 0 0 0
0 0 0 0 0 0 0 0 0 0 0 0 0 0 0 0 0 0 0 0 0 0 0 0 0 0 0 0 0 0 0 0 0 0
0 0 0 0 0 0 0 0 0 0 0 0 0 0 0 0 0 0 0 0 0 0 0 0 0 0 0 0 0 0 0 0 0 0
0 0 0 0 0 0 0 0 0 0 0 0 0 0 0 0 0 0 0 0 0 0 0 0.656566 0.656566 0.656566
0.656566 0.656566 0.646465 0.646465 0.646465 0.646465 0.646465 0.636364
0.616162 0.606061 0.585859 0.565657 0.555556 0.545455 0.535354 0.525253
0.515152 0.515152 0.50505 0.50505 0.50505 0.50505 0.484848 0.474747
0.474747 0.454545 0.444444 0.444444 0.434343 0.434343 0.434343 0.434343
0.434343 0.434343 0.434343 0.434343 0.434343 0.434343 0.434343 0.434343
0.434343 0.434343 0.424242 0.424242 0.424242 0.424242 0.424242 0.424242
0.424242 0.424242 0.444444 0.444444 0.464646 0.464646 0.464646 0.464646
0.494949 0.494949 0.494949 0.494949 0.494949 0.494949 0.494949 0.494949
0.494949 0.494949 0.494949 0.494949 0.494949 0.515152 0.525253 0.525253
0.525253 0.535354 0.535354 0.545455 0.555556 0.555556 0.565657 0.575758
0.575758 0.575758 0.575758 0.575758 0.575758 0.575758 0.575758 0.575758
0.575758 0.575758 0.575758 0.575758 0.575758 0.575758 0.606061 0.606061
0.616162 0.616162 0.616162 0.616162 0.616162 0.616162 0.616162 0.616162
0.616162 0.616162 0.616162 0.616162 0.606061 0.606061 0.59596 0.59596
0.59596 0.59596 0.565657 0.565657 0.565657 0.555556 0.555556 0.555556
0.555556 0.555556 0.555556 0.555556 0.545455 0.545455 0.535354 0.525253
0.515152 0.50505 0.50505 0.50505 0.50505 0.50505 0.50505 0.50505 0.50505
0.50505 0.50505 0.50505 0.50505 0.50505 0.50505 0.50505 0.50505 0.50505
0.50505 0.515152 0.525253 0.545455 0.545455 0.545455 0.565657 0.565657
0.565657 0.565657 0.565657 0.565657 0.565657 0.565657 0.565657 0.565657
0.565657 0.565657 0.565657 0.555556 0.555556 0.555556 0.555556 0.535354
0.525253 0.525253 0.525253 0.525253 0.525253 0.525253 0.525253 0.525253
0.525253 0.525253 0.525253 0.525253 0.525253 0.525253 0.555556 0.565657
0.585859 0.585859 0.585859 0.585859 0.626263 0.626263 0.626263 0.626263
0.626263 0.626263 0.626263 0.626263 0.626263 0.626263 0.626263 0.626263
0.575758 0.575758 0.575758 0.575758 0.545455 0.545455 0.545455 0.545455
0.545455 0.545455 0.545455 0.545455 0.545455 0.545455 0.545455 0.545455
0.545455 0.545455 0.555556 0.555556 0.555556 0.545455 0.545455 0.545455
0.545455 0.545455 0.545455 0.545455 0.545455 0.545455 0.545455 0.545455
0.515152 0.50505 0.50505 0.50505 0.50505 0.474747 0.474747 0.474747
0.474747 0.474747 0.474747 0.474747 0.474747 0.454545 0.444444 0.444444
0.434343 0.424242 0.414141 0.40404 0.40404 0.393939 0.383838 0.383838
0.383838 0.353535 0.333333 0.323232 0.313131 0.30303 0.282828 0.272727
0.272727 0.262626 0.252525 0.262626 0.252525 0.252525 0.252525 0.252525
0.252525 0.222222 0.212121 0.212121 0.212121 0.212121 0.20202 0.20202
0.20202 0.20202 0.20202 0.20202 0.20202 0.20202 0.20202 0.20202 0.191919
0.20202 0.222222 0.222222 0.222222 0.252525 0.272727 0.272727 0.292929
0.292929 0.292929 0.292929 0.292929 0.292929 0.292929 0.292929 0.292929
0.30303 0.30303 0.323232 0.333333 0.333333 0.353535 0.353535 0.363636
0.373737 0.373737 0.383838 0.383838 0.383838 0.383838 0.383838 0.383838
0.383838 0.383838 0.383838 0.383838 0.40404 0.40404 0.414141 0.434343
0.434343 0.444444 0.444444 0.454545 0.454545 0.454545 0.454545 0.454545
0.454545 0.464646 0.474747 0.494949 0.494949 0.494949 0.494949 0.50505
0.50505 0.50505 0.50505 0.50505 0.50505 0.494949 0.494949 0.474747
0.454545 0.454545 0.454545 0.444444 0.434343 0.424242 0.424242 0.40404
0.393939 0.393939 0.393939 0.393939 0.343434 0.343434 0.333333 0.323232
0.313131 0.30303 0.30303 0.292929 0.292929 0.282828 0.272727 0.272727
0.262626 0.262626 0.262626 0.252525 0.252525 0.252525 0.252525 0.252525
0.252525 0.252525 0.252525 0.252525 0.252525 0.252525 0.252525 0.252525
0.252525 0.252525 0.262626 0.292929 0.30303 0.30303 0.30303 0.353535
0.363636 0.373737 0.373737 0.373737 0.373737 0.373737 0.373737 0.373737
0.373737 0.373737 0.373737 0.373737 0.373737 0.373737 0.373737 0.373737
0.373737 0.373737 0.373737 0.373737 0.373737 0.626263 0.606061 0.59596
0.59596 0.59596 0.59596 0.585859 0.585859 0.585859 0.585859 0.555556
0.555556 0.363636 0.363636 0.363636 0.363636 0.363636 0.343434 0.343434
0.343434 0.343434 0.343434 0.343434 0.343434 0.343434 0.343434 0.343434
0.343434 0.343434 0.343434 0.343434 0.343434 0.343434 0.353535 0.353535
0.353535 0.353535 0.353535 0.353535 0.353535 0.353535 0.353535 0.353535
0.353535 0.353535 0.353535 0.353535 0.353535 0.353535 0.353535 0.353535
0.353535 0.353535 0.141414 0.131313 0.121212 0.121212 0.0909091 0.0909091
0.0808081 0.050505 0.040404 0.030303 0.010101 0 0 0.343434 0.343434
0.343434 0.343434 0.333333 0.333333 0.333333 0.333333 0.333333 0.333333
0.333333 0.333333 0.333333 0.333333 0.333333 0.333333 0.333333 0.333333
0.333333 0.333333 0.333333 0.333333 0.333333 0.333333 0 0 0 0 0 0 0
0 0 0 0 0 0 0 0 0 0 0 0 0 0 0 0 0 0 0 0 0 0 0 0 0.242424 0 0 0 0 0
0 0 0 0 0 0 0 0 0 0.242424 0 0 0 0 0 0 0 0 0 0 0 0 0 0 0.020202 0.030303
0.030303 0.040404 0.050505 0.0606061 0.0808081 0.0808081 0.111111 0.111111
0.111111 0.151515 0.171717 0.181818 0.181818 0.181818 0.212121 0.212121
0.212121 0.212121 0.212121 0.212121 0.212121 0.212121 0.212121 0.212121
0.212121 0.212121 0.212121 0.212121 0.242424 0.242424 0.242424 0.242424
0.242424 0.242424 0.242424 0.242424 0.242424 0.242424 0.242424 0.242424
0.242424 0.242424 0.242424 0.242424 0.242424 0.242424 0.242424 0.242424
0.242424 0.242424 0.242424 0 0 0 0 0 0 0 0 0;
FX-patternMAX 3 0;
FX ortho1 mode 0 16 0 0 0 0 0 0 0 0 0 0 0 0 0 0 0 0;
FX ortho1 mode 0 16 0 0 0 0 0 0 0 0 0 0 0 0 0 0 0 0;
FX ortho1 db -21.2121 16 -21.2121 -21.2121 27.3737 27.3737 0 0 0 0
0 0 0 0 0 0 0 0;
FX ortho1 db -21.2121 16 -21.2121 -21.2121 27.3737 27.3737 0 0 0 0
0 0 0 0 0 0 0 0;
FX ortho1 q 9.18094 16 9.18094 9.18094 9.18094 9.18094 0 0 0 0 0 0
0 0 0 0 0 0;
FX ortho1 q 9.18094 16 9.18094 9.18094 9.18094 9.18094 0 0 0 0 0 0
0 0 0 0 0 0;
FX ortho1 f 55.0077 16 23.0101 75.798 75.798 115.051 0 0 0 0 0 0 0
0 0 0 0 0;
FX ortho1 f 55.0077 16 23.0101 75.798 75.798 115.051 0 0 0 0 0 0 0
0 0 0 0 0;
FX ortho1 mode 0 16 0 0 0 0 0 0 0 0 0 0 0 0 0 0 0 0;
FX ortho1 mode 0 16 0 0 0 0 0 0 0 0 0 0 0 0 0 0 0 0;
FX ortho1 db -21.2121 16 -21.2121 -21.2121 27.3737 27.3737 0 0 0 0
0 0 0 0 0 0 0 0;
FX ortho1 db -21.2121 16 -21.2121 -21.2121 27.3737 27.3737 0 0 0 0
0 0 0 0 0 0 0 0;
FX ortho1 q 9.18094 16 9.18094 9.18094 9.18094 9.18094 0 0 0 0 0 0
0 0 0 0 0 0;
FX ortho1 q 9.18094 16 9.18094 9.18094 9.18094 9.18094 0 0 0 0 0 0
0 0 0 0 0 0;
FX ortho1 f 55.0077 16 23.0101 75.798 75.798 115.051 0 0 0 0 0 0 0
0 0 0 0 0;
FX ortho1 f 55.0077 16 23.0101 75.798 75.798 115.051 0 0 0 0 0 0 0
0 0 0 0 0;
FX VolAdj 0.79798 16 0.79798 0.79798 0.79798 0.79798 0 0 0 0 0 0 0
0 0 0 0 0;
FX Mul1 0.30303 16 0.30303 0.30303 0.30303 0.30303 0 0 0 0 0 0 0 0
0 0 0 0;
FX ortho1 mode 0 16 0 0 0 0 0 0 0 0 0 0 0 0 0 0 0 0;
FX ortho1 mode 0 16 0 0 0 0 0 0 0 0 0 0 0 0 0 0 0 0;
FX ortho1 db -21.2121 16 -21.2121 -21.2121 27.3737 27.3737 0 0 0 0
0 0 0 0 0 0 0 0;
FX ortho1 db -21.2121 16 -21.2121 -21.2121 27.3737 27.3737 0 0 0 0
0 0 0 0 0 0 0 0;
FX ortho1 q 9.18094 16 9.18094 9.18094 9.18094 9.18094 0 0 0 0 0 0
0 0 0 0 0 0;
FX ortho1 q 9.18094 16 9.18094 9.18094 9.18094 9.18094 0 0 0 0 0 0
0 0 0 0 0 0;
FX ortho1 f 55.0077 16 23.0101 75.798 75.798 115.051 0 0 0 0 0 0 0
0 0 0 0 0;
FX ortho1 f 55.0077 16 23.0101 75.798 75.798 115.051 0 0 0 0 0 0 0
0 0 0 0 0;
FX ortho1 mode 0 16 0 0 0 0 0 0 0 0 0 0 0 0 0 0 0 0;
FX ortho1 mode 0 16 0 0 0 0 0 0 0 0 0 0 0 0 0 0 0 0;
FX ortho1 db -21.2121 16 -21.2121 -21.2121 27.3737 27.3737 0 0 0 0
0 0 0 0 0 0 0 0;
FX ortho1 db -21.2121 16 -21.2121 -21.2121 27.3737 27.3737 0 0 0 0
0 0 0 0 0 0 0 0;
FX ortho1 q 9.18094 16 9.18094 9.18094 9.18094 9.18094 0 0 0 0 0 0
0 0 0 0 0 0;
FX ortho1 q 9.18094 16 9.18094 9.18094 9.18094 9.18094 0 0 0 0 0 0
0 0 0 0 0 0;
FX ortho1 f 55.0077 16 23.0101 75.798 75.798 115.051 0 0 0 0 0 0 0
0 0 0 0 0;
FX ortho1 f 55.0077 16 23.0101 75.798 75.798 115.051 0 0 0 0 0 0 0
0 0 0 0 0;
THi 0.181818 0;
TLow 0.151515 0;
Thresh 0.222222 0;
Hmin 0.272727 0;
Lmin 0.212121 0;
Seuil 0.121212 0;
sample-4-file /home/al1/Dropbox/KEP/Demo/16nico19.wav 16 _ _ _ _ _
_ _ _ _ _ _ _ _ _ _ _;
sample-3-file /home/al1/Dropbox/KEP/Demo/15MS_CtBass001.wav 16 _ _
_ _ _ _ _ _ _ _ _ _ _ _ _ _;
sample-2-file /home/al1/Dropbox/KEP/Demo/14senza01.wav 16 _ _ _ _ _
_ _ _ _ _ _ _ _ _ _ _;
sample-1-file /home/al1/Dropbox/KEP/Demo/13M.002.wav 16 _ _ _ _ _ _
_ _ _ _ _ _ _ _ _ _;
TailleRec 1 0;
Volume 1 0;
Trig 0 0;
Rec 0 0;
LenRnd 0.482323 0;
Len 0.296344 0;
PosRnd 0.333333 0;
Pos 0.646465 0;
SpeedRnd 0.565657 0;
Speed 0.764573 0;
Rever 0 0;
Sa2 0 0;
Norm 0 0;
Sa1 0 0;
Alea 0 0;
Sa3 1 0;
Palin 0 0;
Sa4 0 0;
-lv- 0 0;
lv 0 0;
-lr- 0 0;
lr 0 0;
-lR- 0 0;
lR 0 0;
-l4- 0 0;
l4 0 0;
-l3- 0 0;
l3 1 0;
-l2- 0 0;
l2 0 0;
Dir-in 0 0;
Effet 0.20202 0;
-l1- 0 0;
l1 0 0;
