danse-ad 0 16 1 0 0 0 7 1 0 0 0 0 0 0 0 0 0 0;
danse-rd 0 16 0 2 3 1 3 0 2 0 0 0 0 0 0 0 0 0;
danse-r 0 16 0.311811 1.33937 2.12598 0 16.1433 1.67244 2.9126 0 0
0 0 0 0 0 0 0;
danse-a 0 16 1.09134 2.50866 0 22.6772 66.6283 41.1024 1.31811 0 0
0 0 0 0 0 0 0;
ccol-A 0.708861 0;
ccol-B 0 0;
ccol-V 0.670886 0;
ccol-R 1 0;
col-A 1 0;
col-B 1 0;
col-V 0.556962 0;
col-R 0.341772 0;
face 54.937 16 18.2756 30.4961 30.4961 30.4961 26.6772 54.937 54.937
54.937 0 0 0 0 0 0 0 0;
dz 0.472441 16 -0.23622 -0.23622 -0.23622 0.944882 0.944882 1.88976
4.17323 0.472441 0 0 0 0 0 0 0 0;
dy -0.15748 16 0.551181 0.551181 0.551181 0.551181 0.551181 0.551181
-1.1811 -0.15748 0 0 0 0 0 0 0 0;
dx 0.314961 16 0.787402 1.81102 0.708661 0.708661 0.708661 0.708661
2.12598 0.314961 0 0 0 0 0 0 0 0;
alpha 0.165354 16 0.629921 0.574803 0.456693 0.307087 0.307087 0.283465
0.299213 0.165354 0 0 0 0 0 0 0 0;
clw 1 16 1 1 1 1 1 1 1 1 0 0 0 0 0 0 0 0;
lw 80.5118 16 1 1 2.79291 6.2774 8.46008 10.0191 38.8617 80.5118 0
0 0 0 0 0 0 0;
vibscale-time 28.3465 16 41.7323 65.3543 41.7323 41.7323 41.7323 41.7323
41.7323 28.3465 0 0 0 0 0 0 0 0;
ry 33.6614 16 6.37795 6.37795 6.37795 6.37795 0 33.6614 33.6614 33.6614
0 0 0 0 0 0 0 0;
vibscale 0.00673071 16 0.0096063 0.00598425 0.0096063 0.0096063 0.0096063
0.0096063 0.0096063 0.00673071 0 0 0 0 0 0 0 0;
rz 27.6378 16 4.6063 13.8189 4.25197 4.25197 4.25197 4.25197 4.25197
27.6378 0 0 0 0 0 0 0 0;
rx 17.1709 16 8.50394 0 6.37795 6.37795 1.58031 1.58031 1.58031 17.1709
0 0 0 0 0 0 0 0;
