seq8 Step 681 0;
seq7 Step 661 0;
seq6 Step 585 0;
seq5 Step 292 0;
seq4 Step 981 0;
seq3 Step 307 0;
seq2 Step 201 0;
seq1 Step 321 0;
gamnum 0 16 0 0 0 0 0 0 0 0 0 0 0 0 0 0 0 0;
mute-reverse 1 16 0 0 0 0 0 0 0 0 0 0 0 0 0 0 0 0;
FX-patternMAX 4 0;
FX time 0.365253 16 1.53735 0.658879 0.3 3.58709 1.28211 0 0 0 0 0
0 0 0 0 0 0;
FX feed 0 16 0 0 0 0 0 0 0 0 0 0 0 0 0 0 0 0;
FX filtre 0 16 0 0 0 0 0 0 0 0 0 0 0 0 0 0 0 0;
FX vol 0.77596 16 0.515152 1 0.726162 0.565657 0.565657 0 0 0 0 0 0
0 0 0 0 0;
FX tone 1.40505 16 0.969697 0 1.71717 0.585859 1.0303 0 0 0 0 0 0 0
0 0 0 0;
FX time 0.36521 16 1.53735 0.658879 0.3 3.58709 1.28211 0 0 0 0 0 0
0 0 0 0 0;
FX vol 0.775882 16 0.515152 1 0.726162 0.565657 0.565657 0 0 0 0 0
0 0 0 0 0 0;
FX mode 0 16 0 0 0 0 0 0 0 0 0 0 0 0 0 0 0 0;
FX db 13.9535 16 18.1818 30 10.3818 -5.45455 30 0 0 0 0 0 0 0 0 0 0
0;
FX q 3.87042 16 1.23167 6.94772 3.18799 5.21827 11.8015 0 0 0 0 0 0
0 0 0 0 0;
FX f 0.37899 16 0.323232 0.222222 0.412727 0.313131 0.171717 0 0 0
0 0 0 0 0 0 0 0;
FX disto 0.193333 16 0.212121 0.171717 0.198182 0.282828 0.272727 0
0 0 0 0 0 0 0 0 0 0;
FX vol 0.77596 16 0.515152 1 0.726162 0.565657 0.565657 0 0 0 0 0 0
0 0 0 0 0;
FX env2f 0.713434 16 1 0.545455 0.750808 0.161616 0.575758 0 0 0 0
0 0 0 0 0 0 0;
FX f 0.378081 16 0.323232 0.222222 0.412727 0.313131 0.171717 0 0 0
0 0 0 0 0 0 0 0;
FX r 0.31404 16 1 0 0.383838 0 0.292929 0 0 0 0 0 0 0 0 0 0 0;
FX a 0.0565657 16 0 0 0.0691919 0.010101 0.010101 0 0 0 0 0 0 0 0 0
0 0;
FX volnoise 0.0358586 16 0.0909091 0.040404 0.0348485 0.0606061 0 0
0 0 0 0 0 0 0 0 0 0;
FX coef4 0 16 0 0 0 1 1 0 0 0 0 0 0 0 0 0 0 0;
FX coef3 0.86505 16 0 0.757576 0.888889 1 0.737374 0 0 0 0 0 0 0 0
0 0 0;
FX coef2 0.541818 16 0.909091 0.525253 0.545455 1 0 0 0 0 0 0 0 0 0
0 0 0;
FX coef1 0 16 1 0 0 1 1 0 0 0 0 0 0 0 0 0 0 0;
FX vol 0.77596 16 0.515152 1 0.726162 0.565657 0.565657 0 0 0 0 0 0
0 0 0 0 0;
-lv- 0 0;
lv 0 0;
-lr- 0 0;
lr 0 0;
-lR- 0 0;
lR 0 0;
-l4- 1 0;
l4 1 0;
-l3- 0 0;
l3 1 0;
-l2- 1 0;
l2 0 0;
-l1- 0 0;
l1 1 0;
-tL- 0 0;
Lock 0 0;
-t4- 0 0;
1/4 1 0;
-t3- 0 0;
1/3 1 0;
-t2- 0 0;
1/2 0 0;
-t1- 0 0;
1/1 1 0;
Volume_max 0.607071 0;
Volume 1 0;
Reverb_max 1 0;
Reverb 0 0;
Decay 1 0;
Effet 0.454545 0;
Phrases_max 1 0;
Phrases 1 0;
Vitesse_max 1 0;
Vitesse 0.47101 0;
