GAMME1 LAd 0 16 0 1 1 0 0 0 0 0 0 0 0 0 0 0 0 0;
GAMME1 SOLd 0 16 0 0 0 0 0 0 0 0 0 0 0 0 0 0 0 0;
GAMME1 FAd 1 16 0 1 0 1 0 0 0 0 0 0 0 0 0 0 0 0;
GAMME1 REd 0 16 0 0 0 0 0 0 0 0 0 0 0 0 0 0 0 0;
GAMME1 DOd 0 16 0 1 0 0 0 0 0 0 0 0 0 0 0 0 0 0;
GAMME1 SI 0 16 1 0 0 0 0 0 0 0 0 0 0 0 0 0 0 0;
GAMME1 LA 0 16 0 0 0 0 0 0 0 0 0 0 0 0 0 0 0 0;
GAMME1 SOL 0 16 1 0 1 0 0 0 0 0 0 0 0 0 0 0 0 0;
GAMME1 FA 0 16 0 0 1 0 0 0 0 0 0 0 0 0 0 0 0 0;
GAMME1 RE 0 16 0 0 0 0 0 0 0 0 0 0 0 0 0 0 0 0;
GAMME1 MI 0 16 1 0 0 0 0 0 0 0 0 0 0 0 0 0 0 0;
GAMME1 DO 1 16 1 0 1 1 0 0 0 0 0 0 0 0 0 0 0 0;
SYNC on/off 1 0;
SYNC BPM 85.6509 16 120.414 157.959 77.3077 85.6509 210.799 0 0 0 0
0 0 0 0 0 0 0;
