Filtre 0.808081 0;
Filtre 0.808081 0;
Reverb 0.878788 0;
Reverb 0.878788 0;
Phrases 0.464646 0;
Phrases 0.464646 0;
Volume 1 0;
Volume 1 0;
-lv- 0 0;
lv 0 0;
-lr- 0 0;
lr 0 0;
-lR- 0 0;
lR 0 0;
-l4- 0 0;
l4 0 0;
-l3- 0 0;
l3 0 0;
-l2- 0 0;
l2 0 0;
-l1- 0 0;
l1 0 0;
-tL- 0 0;
Lock 0 0;
-t4- 0 0;
1/4 0 0;
-t3- 0 0;
1/3 0 0;
-t2- 0 0;
1/2 0 0;
-t1- 0 0;
1/1 0 0;
Decay 0 0;
Effet 0.323232 0;
 0 0;
volume 0 0;
FX-patternMAX 5 0;
FX flange1 bypass 0 16 0 0 0 0 0 0 0 0 0 0 0 0 0 0 0 0;
FX flange1 deph 0.215354 16 0.181818 0.0909091 0.292929 0.424242 1
0.484848 0 0 0 0 0 0 0 0 0 0;
FX flange1 rate 0.65596 16 0.292929 0.525253 0.737374 0.20202 0.20202
0.20202 0 0 0 0 0 0 0 0 0 0;
FX flange1 time 0 16 0 0 0 0 0 0 0 0 0 0 0 0 0 0 0 0;
FX flange1 feed 0.764748 16 0.474747 0.646465 0.838384 0.939394 0.939394
0.939394 0 0 0 0 0 0 0 0 0 0;
FX flange1 filtre 0.860101 16 1 0.878788 0.848485 0.989899 0.727273
0.888889 0 0 0 0 0 0 0 0 0 0;
FX flange1 vol 0.848485 16 0.848485 0.848485 0.848485 0.616162 0.818182
0.666667 0 0 0 0 0 0 0 0 0 0;
FX filtre 0.69697 16 0.69697 0.69697 0.69697 0.69697 0.69697 0.69697
0 0 0 0 0 0 0 0 0 0;
FX distoc1 disto 0.484848 16 0.484848 0.484848 0.484848 0.484848 0.484848
0.484848 0 0 0 0 0 0 0 0 0 0;
FX distoc1 vol 0.292929 16 0.292929 0.292929 0.292929 0.292929 0.292929
0.292929 0 0 0 0 0 0 0 0 0 0;
FX del1_time 1 16 1 1 1 1 1 1 0 0 0 0 0 0 0 0 0 0;
