-tR- 0 0;
togR 0 0;
-t4- 0 0;
tog4 0 0;
-t3- 0 0;
tog3 0 0;
-t2- 0 0;
tog2 0 0;
-t1- 0 0;
tog1 0 0;
Volume_shift 0.767677 0;
Volume 0.333333 0;
Bouton4_shift 0.676768 0;
Bouton4 0.272727 0;
Effet2 0.686869 0;
Effet1 0 0;
Bouton2_shift 0.69697 0;
Bouton2 0.262626 0;
Bouton1_shift 0.717172 0;
Bouton1 0.272727 0;
FX-patternMAX 2 0;
FX mode 0 16 0 0 0 0 0 0 0 0 0 0 0 0 0 0 0 0;
FX db -100 16 -100 -44.8485 -81.4192 0 0 0 0 0 0 0 0 0 0 0 0 0;
FX q 8.09772 16 8.09772 0.329598 17.1993 0 0 0 0 0 0 0 0 0 0 0 0 0
;
FX f 43.3131 16 43.3131 59.5556 102.869 0 0 0 0 0 0 0 0 0 0 0 0 0;
FX del1_time 0.68685 16 0.68685 1 0.496063 0 0 0 0 0 0 0 0 0 0 0 0
0;
