color3 teinteB 1 16 0 0 0 0 0 0 0 0 0 0 0 0 0 0 0 0;
color3 teinteG 1 16 0 0 0 0 0 0 0 0 0 0 0 0 0 0 0 0;
color3 teinteR 1 16 0 0 0 0 0 0 0 0 0 0 0 0 0 0 0 0;
color3 contrastOn 1 16 0 0 0 0 0 0 0 0 0 0 0 0 0 0 0 0;
color3 teinteOn 1 16 0 0 0 0 0 0 0 0 0 0 0 0 0 0 0 0;
color3 alpha 1 16 0 0 0 0 0 0 0 0 0 0 0 0 0 0 0 0;
color3 sat 0 16 0 0 0 0 0 0 0 0 0 0 0 0 0 0 0 0;
color3 contrast 0.281879 16 0 0 0 0 0 0 0 0 0 0 0 0 0 0 0 0;
color3 lum 0.362416 16 0 0 0 0 0 0 0 0 0 0 0 0 0 0 0 0;
color2 teinteB 1 16 0 0 0 0 0 0 0 0 0 0 0 0 0 0 0 0;
color2 teinteG 1 16 0 0 0 0 0 0 0 0 0 0 0 0 0 0 0 0;
color2 teinteR 1 16 0 0 0 0 0 0 0 0 0 0 0 0 0 0 0 0;
color2 contrastOn 1 16 0 0 0 0 0 0 0 0 0 0 0 0 0 0 0 0;
color2 teinteOn 1 16 0 0 0 0 0 0 0 0 0 0 0 0 0 0 0 0;
color2 alpha 1 16 0 0 0 0 0 0 0 0 0 0 0 0 0 0 0 0;
color2 sat 0 16 0 0 0 0 0 0 0 0 0 0 0 0 0 0 0 0;
color2 contrast 0.295302 16 0 0 0 0 0 0 0 0 0 0 0 0 0 0 0 0;
color2 lum 0.369128 16 0 0 0 0 0 0 0 0 0 0 0 0 0 0 0 0;
color1 teinteB 1 16 0 0 0 0 0 0 0 0 0 0 0 0 0 0 0 0;
color1 teinteG 1 16 0 0 0 0 0 0 0 0 0 0 0 0 0 0 0 0;
color1 teinteR 1 16 0 0 0 0 0 0 0 0 0 0 0 0 0 0 0 0;
color1 contrastOn 1 16 0 0 0 0 0 0 0 0 0 0 0 0 0 0 0 0;
color1 teinteOn 1 16 0 0 0 0 0 0 0 0 0 0 0 0 0 0 0 0;
color1 alpha 1 16 0 0 0 0 0 0 0 0 0 0 0 0 0 0 0 0;
color1 sat 0 16 0 0 0 0 0 0 0 0 0 0 0 0 0 0 0 0;
color1 contrast 0.261745 16 0 0 0 0 0 0 0 0 0 0 0 0 0 0 0 0;
color1 lum 0.33557 16 0 0 0 0 0 0 0 0 0 0 0 0 0 0 0 0;
3-camz 246 16 0 0 0 0 0 0 0 0 0 0 0 0 0 0 0 0;
3-camy 41 16 0 0 0 0 0 0 0 0 0 0 0 0 0 0 0 0;
3-camx 0 16 0 0 0 0 0 0 0 0 0 0 0 0 0 0 0 0;
3-ry -14.04 16 0 0 0 0 0 0 0 0 0 0 0 0 0 0 0 0;
3-rx 87.78 16 0 0 0 0 0 0 0 0 0 0 0 0 0 0 0 0;
3-ly -21.36 16 0 0 0 0 0 0 0 0 0 0 0 0 0 0 0 0;
3-lx -86.64 16 0 0 0 0 0 0 0 0 0 0 0 0 0 0 0 0;
3-ty 83.22 16 0 0 0 0 0 0 0 0 0 0 0 0 0 0 0 0;
3-tx -3.9 16 0 0 0 0 0 0 0 0 0 0 0 0 0 0 0 0;
2-camz 260 16 0 0 0 0 0 0 0 0 0 0 0 0 0 0 0 0;
2-camy 53 16 0 0 0 0 0 0 0 0 0 0 0 0 0 0 0 0;
2-camx 0 16 0 0 0 0 0 0 0 0 0 0 0 0 0 0 0 0;
2-ry -20 16 0 0 0 0 0 0 0 0 0 0 0 0 0 0 0 0;
2-rx 90.41 16 0 0 0 0 0 0 0 0 0 0 0 0 0 0 0 0;
2-ly -18.25 16 0 0 0 0 0 0 0 0 0 0 0 0 0 0 0 0;
2-lx -88.44 16 0 0 0 0 0 0 0 0 0 0 0 0 0 0 0 0;
2-ty 86.76 16 0 0 0 0 0 0 0 0 0 0 0 0 0 0 0 0;
2-tx 0.08 16 0 0 0 0 0 0 0 0 0 0 0 0 0 0 0 0;
Angle 0.492913 16 0 0 0 0 0 0 0 0 0 0 0 0 0 0 0 0;
Blend 0.141732 16 0 0 0 0 0 0 0 0 0 0 0 0 0 0 0 0;
1-camz 261 16 0 0 0 0 0 0 0 0 0 0 0 0 0 0 0 0;
1-camy 27.87 16 0 0 0 0 0 0 0 0 0 0 0 0 0 0 0 0;
1-camx -4.12 16 0 0 0 0 0 0 0 0 0 0 0 0 0 0 0 0;
1-ry -22.1 16 0 0 0 0 0 0 0 0 0 0 0 0 0 0 0 0;
1-rx 88.09 16 0 0 0 0 0 0 0 0 0 0 0 0 0 0 0 0;
1-ly -23.4 16 0 0 0 0 0 0 0 0 0 0 0 0 0 0 0 0;
1-lx -86.69 16 0 0 0 0 0 0 0 0 0 0 0 0 0 0 0 0;
1-ty 86.81 16 0 0 0 0 0 0 0 0 0 0 0 0 0 0 0 0;
1-tx 0.68 16 0 0 0 0 0 0 0 0 0 0 0 0 0 0 0 0;
