seq8 Step 681 0;
seq7 Step 649 0;
seq6 Step 585 0;
seq5 Step 293 0;
seq4 Step 981 0;
seq3 Step 307 0;
seq2 Step 201 0;
seq1 Step 321 0;
gamnum 0 16 0 0 0 0 0 0 0 0 0 0 0 0 0 0 0 0;
mute-reverse 1 16 0 0 0 0 0 0 0 0 0 0 0 0 0 0 0 0;
FX-patternMAX 15 0;
FX echo1 vol 1 16 0.868687 1 1 1 0.868687 1 1 1 0.868687 1 1 1 1 1
0.868687 1;
FX echo1 filtre 0 16 0 0 0 0 0 0 0 0 1 0.808081 0.787879 0.787879 0.858586
0.878788 0.656566 0;
FX echo1 feed 0 16 0 0 0 0 0 0 0 0 0.727273 0.939394 0.737374 0.737374
0.656566 0.79798 0.373737 0;
FX echo1 time 0.770505 16 0.839899 0.658889 0.3 0.658889 0.839899 0.658889
1 1 0.839899 0.658889 0.3 0.3 0.658889 0.658889 0.839899 1;
FX rev1 tone 0.396768 16 0.0385859 0 1.71717 0 0.0385859 0 1.21212
0.727273 0.0385859 0 1.71717 1.71717 0 0 1.08909 1.21212;
FX rev1 time 1.01133 16 0.839851 0.658879 0.3 0.658879 0.839851 0.658879
1.73517 1.73517 0.839851 0.658879 0.3 0.3 0.658879 0.658879 0.839851
1.73517;
FX rev1 vol 1 16 0.868824 1 1 1 0.868824 1 1 1 0.868824 1 1 1 1 1 0.868824
1;
FX ortho1 mode 0 16 0 0 0 0 0 0 0 0 0 0 0 0 0 0 0 0;
FX ortho1 db 16.8687 16 12.5747 16.8687 12.9293 16.8687 15.201 16.8687
16.8687 16.8687 15.201 16.8687 3.73737 3.73737 -15.9596 16.8687 15.201
16.8687;
FX ortho1 q 10.468 16 8.62234 11.48 18.4868 11.48 5.99106 11.48 8.38744
5.91631 5.99106 11.48 18.4868 18.4868 11.48 40.2891 5.99106 8.38744
;
FX ortho1 f 89.0626 16 120.925 86.7345 79.8586 109.284 116.864 98.3073
70.0455 75.3242 59.2578 66.3232 81.2121 0.730909 71.0065 105.576 0.460202
0.852727;
FX disto1 disto 0.11 16 0.0819192 0.090101 0.105657 0.0880808 0.0854545
0.113939 0.101818 0.0979798 0.0887879 0.116364 0.104444 0.0937374 0.0741414
0.118081 0.0844444 0.102424;
FX disto1 vol 1 16 0.868687 1 1 1 0.868687 1 1 1 0.868687 1 1 1 1 1
0.868687 1;
FX env2f 0.242424 16 0 0.242424 0.791212 0.050505 0 0.242424 0.242424
0.686869 0 0.242424 0.791212 0.791212 0.818182 0.242424 0.979798 0.242424
;
FX f 0.858586 16 0.464646 0.858586 0.887475 1 0.464646 0.858586 0.858586
0.323232 0.464646 0.858586 0.887475 0.737374 0.444444 0.858586 0.464646
0.858586;
FX r 0.151515 16 0.888889 0.151515 0.383838 1 0.888889 0.151515 0.151515
0 0.888889 0.151515 0.383838 0.383838 1 0.89899 0.888889 0.555556;
FX a 0 16 0.14697 0 0.0691919 0 0.14697 0 0 0 0.14697 0 0.0691919 0.0691919
0 0.212121 0.14697 0;
FX volnoise 0.628687 16 1 0.575758 0.206566 0.575758 1 0.575758 0.737374
0.707071 1 0.575758 0.206566 0.55 0.737374 0.757576 1 0.949495;
FX cheb1 coef4 0 16 0.707071 0.838384 0.515152 0.838384 0.707071 0
0 0 0.707071 0.838384 0.515152 0.515152 0.838384 0 0.707071 0;
FX cheb1 coef3 0.616162 16 0 0 0.959596 1 0 0.616162 0.616162 0 0 0
0.959596 0.959596 1 0.616162 0 0.777778;
FX cheb1 coef2 0.565657 16 0.747475 1 0.474343 1 0.747475 0.565657
0.565657 1 0.747475 1 0.474343 0.474343 1 0.565657 0.747475 0.727273
;
FX cheb1 coef1 0.717172 16 0 0 0 0 0.737374 0.717172 0.717172 0 0 0
0 0 0 0.717172 0.737374 0.717172;
FX cheb1 vol 1 16 0.868687 1 1 1 0.868687 1 1 1 0.868687 1 1 1 1 1
0.868687 1;
Reverb 0 0;
Reverb 0 0;
Phrases 0.575758 0;
Phrases 0.575758 0;
Vitesse 0.621515 0;
Vitesse 0.621515 0;
Volume 1 0;
Volume 1 0;
-lv- 0 0;
lv 0 0;
-lr- 0 0;
lr 0 0;
-lR- 0 0;
lR 0 0;
-l4- 0 0;
l4 1 0;
-l3- 0 0;
l3 1 0;
-l2- 1 0;
l2 1 0;
-l1- 0 0;
l1 0 0;
-tL- 0 0;
Lock 0 0;
-t4- 0 0;
1/4 1 0;
-t3- 0 0;
1/3 1 0;
-t2- 0 0;
1/2 1 0;
-t1- 0 0;
1/1 0 0;
Decay 0.474747 0;
Effet 0.355152 0;
