seq8 Step 681 0;
seq7 Step 661 0;
seq6 Step 585 0;
seq5 Step 293 0;
seq4 Step 981 0;
seq3 Step 309 0;
seq2 Step 81 0;
seq1 Step 341 0;
gamnum 0 16 0 0 0 0 0 0 0 0 0 0 0 0 0 0 0 0;
mute-reverse 1 16 0 0 0 0 0 0 0 0 0 0 0 0 0 0 0 0;
FX-patternMAX 15 0;
FX echo1 vol 0.0447475 16 0.515152 1 0.726162 0.565657 0.565657 0.565657
0 0.565657 1 0.515152 0.515152 0.585859 0.868687 0 1 0.949495;
FX echo1 filtre 0.0515152 16 0 0 0 0 0 0 0 0 0 0 0 1 1 0 0.515152 0.626263
;
FX echo1 feed 0.0312121 16 0 0 0 0 0 0 0 0 0 0 0 0.606061 0.606061
0 0.606061 0.686869;
FX echo1 time 0.0328283 16 1 0.658889 0.3 1 1 1 0 1 0.658889 1 1 0.572727
0.636364 0 0.717172 0.658889;
FX rev1 tone 0.0250505 16 0.969697 0 1.71717 0.585859 1.0303 1.0303
0 1.0303 0 0.969697 0.969697 1.71717 0.484848 0 1.0303 0;
FX rev1 time 0.448377 16 1.53735 0.658879 0.3 3.58709 1.28211 1.28211
0.3 1.28211 0.658879 1.53735 1.53735 0.3 3.17816 0.3 1.28211 0.658879
;
FX rev1 vol 0.0424246 16 0.515294 1 0.726177 0.565588 0.565588 0.565588
0 0.565588 1 0.515294 0.515294 0.726177 0.823529 0 0.565588 1;
FX ortho1 mode 0 16 0 0 0 0 0 0 0 0 0 0 0 0 0 0 0 0;
FX ortho1 db 30 16 22.1212 2.42424 6.36364 -5.45455 15.5556 15.5556
30 15.5556 24.7475 12.9293 20.8081 -0.20202 30 30 15.5556 2.42424;
FX ortho1 q 9.18094 16 1.68579 1.35838 16.3056 5.21827 11.8015 11.8015
9.18094 11.8015 1.35838 1.68579 1.68579 16.3056 9.18094 9.18094 11.8015
1.35838;
FX ortho1 f 86.6263 16 36.8703 124.742 94.7475 0.311313 39.4285 43.4891
86.6263 111.166 93.6105 99.1329 121.818 66.3232 86.6263 86.6263 111.166
124.742;
FX disto1 disto 0.161616 16 0.161616 0.171717 0.198182 0.282828 0.272727
0.272727 0.161616 0.272727 0.144444 0.161616 0.161616 0.470909 0.161616
0.161616 0.272727 0.171717;
FX disto1 vol 1 16 1 1 0.726162 0.565657 0.565657 0.565657 1 0.565657
1 1 1 0.261515 1 1 0.565657 1;
FX env2f 0 16 0.616162 0.545455 0.750808 0.161616 0.575758 0.575758
0 0.575758 0.545455 0.616162 0.616162 0.313131 0 0 0.575758 0.545455
;
FX f 0.242424 16 0.292929 0.343434 0.412727 0.313131 0.171717 0.343434
0.242424 0.171717 0.50505 0.292929 0.292929 0.63495 0.242424 0.242424
0.171717 0.343434;
FX r 0.333333 16 0.40404 0 0.10101 0 0.292929 0.292929 0.333333 0.292929
0 0.40404 0.40404 0 0.333333 0.333333 0.292929 0;
FX a 0 16 0 0 0.0808081 0.010101 0.010101 0.010101 0 0.010101 0 0 0
0.050505 0 0 0.010101 0;
FX volnoise 0 16 0.020202 0.0606061 0 0.0606061 0 0 0 0 0.020202 0.131313
0.131313 0.030303 0 0 0 0.0606061;
FX cheb1 coef4 0 16 0 0 0.0707071 1 1 0.767677 0 1 0 0 0 0.393939 0
0 1 0;
FX cheb1 coef3 0.858586 16 0 0.757576 1 1 0.737374 0.0707071 0.858586
0.737374 0.838384 0 0 0.838384 0.858586 0.858586 0.737374 0.757576
;
FX cheb1 coef2 1 16 0.656566 0.717172 0 1 0 0 1 0 0.717172 0.656566
0.656566 0.565657 1 1 0 0.717172;
FX cheb1 coef1 0 16 1 0 0 1 1 1 0 1 0 1 1 1 0 0 1 0;
FX cheb1 vol 1 16 1 1 0.726162 0.565657 0.565657 0.565657 1 0.565657
1 1 1 0.726162 1 1 0.565657 1;
Reverb 0.0134343 0;
Reverb 0.0134343 0;
Phrases 0.417071 0;
Phrases 0.417071 0;
Vitesse 0.620303 0;
Vitesse 0.620303 0;
Volume 0.648355 0;
Volume 0.648355 0;
-lv- 0 0;
lv 0 0;
-lr- 0 0;
lr 0 0;
-lR- 0 0;
lR 0 0;
-l4- 0 0;
l4 1 0;
-l3- 0 0;
l3 1 0;
-l2- 1 0;
l2 1 0;
-l1- 0 0;
l1 1 0;
-tL- 0 0;
Lock 0 0;
-t4- 0 0;
1/4 1 0;
-t3- 0 0;
1/3 1 0;
-t2- 0 0;
1/2 1 0;
-t1- 0 0;
1/1 1 0;
Decay 0.474747 0;
Effet 0.863232 0;
