seq8 Step 681 0;
seq7 Step 661 0;
seq6 Step 585 0;
seq5 Step 292 0;
seq4 Step 981 0;
seq3 Step 307 0;
seq2 Step 201 0;
seq1 Step 321 0;
gamnum 0 16 0 0 0 0 0 0 0 0 0 0 0 0 0 0 0 0;
mute-reverse 1 16 0 0 0 0 0 0 0 0 0 0 0 0 0 0 0 0;
FX-patternMAX 15 0;
FX echo1 vol 0.03 16 0.515152 1 0.726162 0.565657 0.393939 0 0 0.494949
0.494949 0 0 0 0.69697 1 1 1;
FX echo1 filtre 0.0606061 16 0 0 0 0 0 0 0 1 1 0 0 0 1 1 0 1;
FX echo1 feed 0.0434343 16 0 0 0 0 0 0 0 0.717172 0.737374 0 0 0 0.767677
0.686869 0 0.808081;
FX echo1 time 0.0477778 16 1 0.658889 0.3 0.7 1 0 0 0.787879 0.555556
0 0 0 0.777778 0.656566 0.658889 0.565657;
FX rev1 tone 1.2598 16 0.424242 1.21212 1.71717 0.0808081 1.65657 1.11111
1.29293 0.747475 1.05051 2 0 0.565657 1.63636 1.33333 0.666667 0.969697
;
FX rev1 time 1.55513 16 2.65048 0.658879 5.82116 1.20681 1.28211 2.65048
1.63327 0.338601 0.517216 12.7848 1.36209 1.95843 5.47931 4.56957 5.82116
1.53735;
FX rev1 vol 1 16 0.515294 1 0.970588 1 0.970588 1 1 1 1 1 1 1 1 1 0.764706
1;
FX ortho1 mode 0 16 0 0 0 0 0 0 0 0 0 0 0 0 0 0 0 0;
FX ortho1 db -1.10808 16 27.3737 6.36364 -23.7596 15.5556 19.4949 17.0657
-1.51515 5.24747 11.8131 30 -11.8232 -11.8232 -11.8232 -11.8232 -14.6465
-14.6465;
FX ortho1 q 0.544606 16 17.1993 21.5062 3.18799 5.91631 34.3081 11.8015
0.544606 0.544606 5.55634 5.91631 13.3802 13.3802 13.3802 13.3802 21.5062
21.5062;
FX ortho1 f 102.95 16 43.7869 118.123 85.76 64.0222 77.6117 86.6263
105.576 62.2626 94.7475 46.0202 75.798 75.798 75.798 75.798 45.0321
45.0321;
FX disto1 disto 0.171717 16 0.156263 0.171717 0.17798 0.20202 0.272727
0.181818 0.171717 0.171717 0.171717 0.181818 0.20202 0.20202 0.20202
0.20202 0.171717 0.171717;
FX disto1 vol 1 16 1 1 0.726162 0.565657 0.393939 1 1 1 1 1 1 1 1 1
1 1;
FX env2f 0.248889 16 0 0.636364 0.030303 0 0.0707071 0.424242 0.252525
0.191919 0.191919 0.636364 0 0 0 0 0 0;
FX f 0.312222 16 0.474747 0.363636 0.483434 0.40404 0.464646 0.50505
0.30303 0.454545 0.454545 0.535354 0.555556 0.434343 0.555556 0.434343
0.373737 0.373737;
FX r 0.454545 16 1 1 0.383838 0.252525 0.292929 0.777778 0.454545 0.454545
0.454545 0 0 0 0 0 1 1;
FX a 0 16 0 0.111111 0.0489899 0.010101 0.010101 0 0 0 0 0 0 0 0 0
0.111111 0.111111;
FX volnoise 0.0189899 16 0.272727 0.212121 0.125758 0.191919 0.0707071
0.040404 0.020202 0 0 0.262626 0 0.020202 0 0.020202 0.212121 0.0909091
;
FX cheb1 coef4 0.800707 16 0 0 0 0.737374 0.878788 0 0.787879 1 1 0
0.757576 0.757576 0.757576 0.757576 1 1;
FX cheb1 coef3 0.512424 16 0 0 0.858586 0.30303 0.30303 0 0.545455
0 0 0.474747 0 0 0 0 0 0;
FX cheb1 coef2 0.626263 16 0.838384 0.949495 0.201616 0.575758 0 1
0.666667 0 0 0.353535 0.353535 0.353535 0.353535 0.353535 1 1;
FX cheb1 coef1 0 16 1 0 0 1 0.787879 0 0 0 0 0 0 0 0 0 0 0;
FX cheb1 vol 1 16 1 1 1 0.929293 0.393939 1 1 1 1 1 1 1 1 1 1 1;
Reverb 0 0;
Reverb 0 0;
Phrases 0.808081 0;
Phrases 0.808081 0;
Vitesse 0.373737 0;
Vitesse 0.373737 0;
Volume 0.858889 0;
Volume 0.858889 0;
-lv- 0 0;
lv 0 0;
-lr- 0 0;
lr 0 0;
-lR- 0 0;
lR 0 0;
-l4- 0 0;
l4 1 0;
-l3- 0 0;
l3 1 0;
-l2- 1 0;
l2 1 0;
-l1- 0 0;
l1 0 0;
-tL- 0 0;
Lock 0 0;
-t4- 0 0;
1/4 1 0;
-t3- 0 0;
1/3 1 0;
-t2- 0 0;
1/2 1 0;
-t1- 0 0;
1/1 0 0;
Decay 0.474747 0;
Effet 0.40404 0;
